254.672450801
261.488842616
267.086127143
245.614697275
251.653563701
226.529031559
240.996642419
245.752541897
250.146581261
249.884221938
255.530191275
265.341928998
239.816169322
257.228438268
235.902334553
237.717114377
250.839590157
242.569778475
246.651041391
242.22524003
28.9594927262
32.4116992097
31.7742826948
28.7792105601
29.5354622392
31.5849584501
32.3884426819
31.5266663827
32.4096108764
34.3298000747
32.2946364482
30.1857093069
32.4560369447
31.4043336909
31.8442045469
31.3511891374
29.857056305
29.7973928944
33.459747082
30.446225871
