0.8973636793673467
0.9009995589786393
0.8999794693678367
0.890405213140897
0.8946513038091892
0.8947563920898275
0.8393072197832647
0.7933635248888231
0.8246535413276872
0.8730099680504783
0.8894810587973173
0.8425081840640386
0.8070118411905968
0.8377631149808064
0.7357933562169284
0.7394197934075886
0.5710685795710151
0.6505751487067164
0.6569056235091606
0.8611235102438638
0.5568554123288111
0.5589892409023111
0.4882853637034107
0.4479265748847797
0.10214158793591711
0.367877220231363
0.43864622888306665
0.5346165721852189
0.47612675173754543
0.4797977718109803
0.5326076874922342
0.5326076874922342
0.6125847068560398
0.6059324832573758
0.6218994170861427
0.4873609121395027
0.6369309938913952
0.6357972774780082
0.6288604801828934
0.6388030243710981
0.6333533524421904
0.722936953145603
0.27329881423036967
0.15156363442298285
0.7464921016415262
0.39197422076617605
0.5706472070842947
0.5786628257400727
0.5964254143611012
0.4843522283149738
0.7615893102156112
0.7251279608450097
0.5766596547650911
0.7457991871977806
0.6728799833808549
0.7373143929168247
0.7253742301632415
0.7359129110109142
0.7253742301632415
0.7431665417494865
