140.458858747
133.497085911
140.189529087
139.198442479
137.883547508
131.135220178
139.185025387
133.144100936
137.377146033
138.428091805
134.6535103
141.991001764
135.492358943
138.316061983
136.284892664
134.766336774
136.468541699
136.792479975
134.558530094
139.722916232
224.65140086
224.965817866
220.478686211
216.492692656
219.516183393
214.17936116
199.054663642
214.073308948
204.296503809
201.738583697
214.077333532
227.515610267
202.319493527
232.353482541
225.347637233
214.077333532
225.610972774
223.442132052
223.129936913
226.122636053
65.3733155351
68.53342583
73.7933396445
81.9820641419
64.5881332678
67.8709249639
66.3740773869
65.8679367291
67.0058216981
66.057430299
64.45090711
61.4048842505
58.5407186242
61.6112280871
65.7135399777
62.635709495
61.7173982453
63.9543098692
61.7173982453
61.346650975
